id,name,formattedAddress,lat,lng,checkinsCount,tipCount,usersCount,visitsCount,likesCount,rating,categories_ids,categories_names,ratingSignals
54ac3b3d498ee4a62878cc3e,Home 💪💙,"['Елены Телиги 15', 'Київ', 'Україна']",50.481751,30.459609,1,0,1,1,0,0,['4d954b06a243a5684965b473'],['Residential Building (Apartment / Condo)'],0
5211d17011d25e7b73651ba5,АСТОР-Украина,"['ул. Петропавловская, 47', 'Київ, 04086', 'Україна']",50.48289030183942,30.45827954744077,32,0,17,35,0,0,['4bf58dd8d48988d124941735'],['Office'],0
51824fbf498ef358990f5aec,"вул. Петропавлівська, 52","['вул. Петропавлівська, 52', 'Україна']",50.48311233520508,30.458187103271484,2,0,1,2,0,0,['4bf58dd8d48988d124941735'],['Office'],0
50375b62e4b04a184be45401,ДЮСШ Александровской Т.М.,"['Ул. Трухановская', 'Київ', 'Україна']",50.482319437473514,30.461081433451717,9,0,9,9,0,0,['4bf58dd8d48988d193941735'],['Water Park'],0
54be40a3498ecfc83f09ff73,"Библиотека ""Айни""",['Україна'],50.48141860961914,30.458478927612305,3,0,3,3,0,0,['4deefb944765f83613cdba6e'],['Historic Site'],0
545a55bf498e7b0eead34b74,UTS,"['Лютневий провулок, 3', 'Україна']",50.48331942438607,30.46114485467253,275,0,99,432,0,0,['4bf58dd8d48988d124941735'],['Office'],0
51da8c6f498ec79dec0c6e96,SynLab Ukraine,"['Petropavlivska 52', 'Київ', 'Україна']",50.483329,30.458364,5,0,5,7,1,0,['4f4531b14b9074f6e4fb0103'],['Medical Lab'],0
536359f8498e3b3ee069d29e,Вегас Полюбому,"['Елены Телиги 57', 'Київ', 'Україна']",50.48179319227635,30.458140979445073,59,0,6,61,1,0,['4d954b06a243a5684965b473'],['Residential Building (Apartment / Condo)'],0
54be555a498ef9e5ee72e126,"Tattoo Studio ""Зашкваг""",['Україна'],50.483680725097656,30.46001625061035,1,0,1,1,0,0,['4bf58dd8d48988d1de931735'],['Tattoo Parlor'],0
52c06d0311d25a4723e31df8,STEPIN white HOUSE,"['ул. Петропавловская, 50б', 'Київ', 'Україна']",50.48335736300416,30.458158043644293,33,1,5,42,1,0,"['4d954b06a243a5684965b473', '4bf58dd8d48988d103941735']","['Residential Building (Apartment / Condo)', 'Home (private)']",0
5607cab4498ecd0d6b0ad6ab,Маникюр у Насти 💅,"['Олени Телиги 51', 'Київ', 'Україна']",50.481858480213894,30.458613092134048,4,0,2,5,0,0,['4f04aa0c2fb6e1c99f3db0b8'],['Nail Salon'],0
50ae8765e4b0b7c949eb3e5b,Банька на Петропавловской,"['Ул. Петропавловская, 52', 'Київ', 'Україна']",50.482403987196456,30.4625185594309,17,0,14,17,1,0,['52e81612bcbc57f1066b7a27'],['Bath House'],0
50ca2b73e4b0d59c98d0e876,Стремный Кракен на площадке,"['Бакинская', 'Київ', 'Україна']",50.48182769639032,30.459229686147538,19,0,10,19,1,0,['507c8c4091d498d9fc8c67a9'],['Public Art'],0
549d2c9a498ecb9bd6a7cfae,Профіленд,['Україна'],50.48390299376632,30.45881494910261,1,0,1,1,1,0,['52e81612bcbc57f1066b7a3d'],['Advertising Agency'],0
4e60f9d5d4c06542aa4aff97,Перно Рикар Украина,"['Петропавловска, 52', 'Київ', 'Україна']",50.4832398891449,30.458157062530518,30,0,15,30,0,0,['4bf58dd8d48988d130941735'],['Building'],0
53f4d33c498ed4b54e9cb44e,у Гобры дома,['Україна'],50.48408508300781,30.458269119262695,1,0,1,3,0,0,"['4d954b06a243a5684965b473', '4bf58dd8d48988d103941735']","['Residential Building (Apartment / Condo)', 'Home (private)']",0
53453091498e999a960c1805,Апартаменты Almateya станция метро Олимпийская,"['ул. саксаганского', 'Київ', 'Україна']",50.4359693300281,30.51074981689453,8,0,8,8,0,0,['4f4530a74b9074f6e4fb0100'],['Boarding House'],0
56f58412498e81f84dd80249,Car Marina's Driver,['Україна'],50.481613,30.458273,2,0,1,2,0,0,['54541b70498ea6ccd0204bff'],['Transportation Service'],0
53f8fa4d498ebfcd2a0f75c0,Дома у родителей,"['Ул.Петропавловская 42/33', 'Київ', 'Україна']",50.48178109775524,30.45864794231513,62,0,1,62,0,0,"['4d954b06a243a5684965b473', '4bf58dd8d48988d103941735']","['Residential Building (Apartment / Condo)', 'Home (private)']",0
56a4cda5498e29423dba3a24,Shep_nail :*,['Україна'],50.4817502089983,30.458851322949197,2,0,1,2,0,0,['4f04aa0c2fb6e1c99f3db0b8'],['Nail Salon'],0
50a91be5e4b05977cf00fe63,русские бани,"['Петропавловская, 52', 'Кмев', 'Україна']",50.483402252197266,30.458208084106445,4,0,4,4,0,0,['52e81612bcbc57f1066b7a27'],['Bath House'],0
5264e12b11d25c4dba821e26,Арт-центр Елены Бородиной,['Україна'],50.48331126378906,30.461365867400907,18,1,1,18,0,0,['507c8c4091d498d9fc8c67a9'],['Public Art'],0
53ab16f0498ef2b9803d8295,хата Кулеши на Дариках,['Україна'],50.48142581387289,30.458779999826582,2,0,2,2,0,0,['5310b8e5bcbc57f1066bcbf1'],['Prison'],0
53b79e5e498e7253b48e320d,"вул. Петропавлівська, 50б","['вул. Петропавлівська, 50б', 'Київ', 'Україна']",50.48314918258722,30.459421548336223,12,0,3,12,1,0,['4d954b06a243a5684965b473'],['Residential Building (Apartment / Condo)'],0
4fb7496ed5fb744d5941cfda,«Технологии Управления Спайдер Украина»,"['Петропавловская 47', 'Київ', 'Україна']",50.48298116530959,30.458313384765926,74,2,18,75,0,0,['4bf58dd8d48988d130941735'],['Building'],0
51e9b2e4498ea3c044740db0,Продукты у Дверей,"['ул. Елены Телиги, 53', 'Київ', 'Україна']",50.48333064657714,30.45873442643862,14,0,7,15,2,0,['4bf58dd8d48988d1f5941735'],['Gourmet Shop'],0
51a32dda498e79616058fe31,Навчальний Центр Спайдер Украіна,"['Петропавлівська 47', 'Київ', 'Україна']",50.482975,30.458227,45,0,24,46,0,0,['4bf58dd8d48988d198941735'],['College Academic Building'],0
53b7aa3b498ee296db569c22,Петропавловская 50-б,"['Петропавловская 50-б', 'Київ, 04086', 'Україна']",50.48386395721135,30.45925859791799,107,1,142,372,2,0,"['4d954b06a243a5684965b473', '4f2a210c4b9023bd5841ed28']","['Residential Building (Apartment / Condo)', 'Housing Development']",0
530334f7498e6e11bf54a2a9,"Міжнародна Благодійна Організація ""СОС Дитяче Містечко""","['Вулиця Копилівська 31', 'Київ', 'Україна']",50.482383728027344,30.46267318725586,6,0,4,6,0,0,['52e81612bcbc57f1066b7a33'],['Social Club'],0
4d63f3421a83f04dc02d792b,Сауна,"['Петропавловская ул., 52', 'Київ', 'Україна']",50.483331084251404,30.458650588989258,8,0,8,8,0,0,['4bf58dd8d48988d102941735'],['Yoga Studio'],0
54bcbc59498e795194c22c7f,ABMcloud,"['Петропавловская, 47', 'Київ', 'Україна']",50.483078496343076,30.458529135561665,209,0,101,397,1,0,['52f2ab2ebcbc57f1066b8b36'],['IT Services'],0
531dae35498e8d2167b99db6,Настільний теніс у Парку Відпочинку,['Україна'],50.481852736949456,30.461541552775277,10,0,10,10,0,0,['4e39a956bd410d7aed40cbc3'],['Tennis Court'],0
5270b0c411d2dcd4b23f5d29,переулок лютневый 14,['Україна'],50.482723678322174,30.459585335010587,1008,1,51,1069,2,0,['4d954b06a243a5684965b473'],['Residential Building (Apartment / Condo)'],0
55e9364b498e5ccf103a9a1b,Karamelia,"['ул. Вербовая, 17', 'Київ, 04655', 'Україна']",50.48582290611603,30.46204408825583,6,1,3,6,2,0,['52f2ab2ebcbc57f1066b8b31'],['Chocolate Shop'],0
4f9690bce4b058034c422523,зупинка «АЗС»,"['вул. Олени Теліги (Лютневий пров.)', 'Київ', 'Україна']",50.482456146335956,30.461279153823853,888,1,359,1136,1,0,['52f2ab2ebcbc57f1066b8b4f'],['Bus Stop'],0
4f13cbbfe4b0a6ade2a53547,Инталев Украина / Intalev Ukraine,"['вул. Петропавлівська, 47', 'Київ, 04086', 'Україна']",50.482925494310386,30.45835554599762,788,0,70,856,3,0,['4bf58dd8d48988d124941735'],['Office'],0
537b1b1b498e821324bdf427,Авиас,['Україна'],50.48307208362471,30.462406342596513,89,0,188,256,0,0,['4bf58dd8d48988d113951735'],['Gas Station'],0
5299eb0511d27a78f519851b,"ЖК ""Науковий""","['Вул. Петропавлівська, 40', 'Київ', 'Україна']",50.48381973339983,30.46177530656273,231,1,202,536,4,0,['4f2a210c4b9023bd5841ed28'],['Housing Development'],0
55e1f403498e7d8131c36c8e,коростышевский каньон,['Україна'],50.484702,30.458347,20,0,21,26,0,0,['52e81612bcbc57f1066b7a26'],['Recreation Center'],0
57ae28b7498e59054b4b6138,Вулиця Петропавлівська,"['вулиця Петропавлівська', 'Київ', 'Україна']",50.483486,30.459915,2,2,2,2,0,0,['4bf58dd8d48988d1f9931735'],['Road'],0
5088f52de4b0ef1360076c3a,Шевченковский район (Шевченківський район),"['Київ', 'Україна']",50.481561543310676,30.459436490259844,613,0,309,637,4,0,['4f2a25ac4b909258e854f55f'],['Neighborhood'],0
4fb26cffe4b03b8c9dc5fc3a,Вулиця Олени Теліги,"['вул. Олени Теліги', 'Київ', 'Україна']",50.48021497234837,30.452852068735236,5085,9,2330,6651,17,0,['4bf58dd8d48988d1f9931735'],['Road'],0
51866ff8498eaef7d743e687,Рылеева 20/2,['Україна'],50.486594,30.463399,4,0,4,4,0,0,['4bf58dd8d48988d130941735'],['Building'],0
50699db9e4b0da4f20cbcd54,E.V.S,['Україна'],50.48962773674243,30.46768827432807,16,0,10,24,0,0,['4bf58dd8d48988d128951735'],['Gift Shop'],0
5565ef6c498e346a3b6848de,Базар,"['Площадь Шевченка', 'Київ', 'Україна']",50.49001400060005,30.466329762376546,1,0,1,1,0,0,['50be8ee891d4fa8dcc7199a7'],['Market'],0
4e563bae62e1e9bb4269ef46,Prometric,"['Київ', 'Україна']",50.4898155326355,30.466057901364447,13,0,8,13,0,0,['4bf58dd8d48988d1ab941735'],['Student Center'],0
5710bd8a498e00f31f2ccda5,Туберкулезный диспансер 1,"['Автозоводская, 68', 'Київ', 'Україна']",50.490152323817696,30.466043450285124,4,0,4,4,0,0,['56aa371be4b08b9a8d57351d'],['Rehab Center'],0
5277c2a711d20d96b5665844,Хореографическая студия FORS,['Україна'],50.48764053374985,30.46870490184334,314,0,1,346,1,0,"['4bf58dd8d48988d1f2931735', '50328a8e91d4c4b30a586d6c']","['Performing Arts Venue', 'Non-Profit']",0
554f2857498ece2b6558a620,Beverly Hills,['Україна'],50.48855518796031,30.466235870056043,54,0,9,68,0,0,['4d954b06a243a5684965b473'],['Residential Building (Apartment / Condo)'],0
4eafce3b77c8d1e761f2de2b,ПродМаркет,"['вул. Кирилівська, 115/1', 'Київ', 'Україна']",50.48883683377283,30.467644042831292,307,3,51,323,2,0,['4bf58dd8d48988d118951735'],['Grocery Store'],0
51fa8b28498e31135e570aa1,Офис Пони Экспресс,['Україна'],50.49037121197123,30.465806012991504,25,1,12,28,0,0,['4bf58dd8d48988d174941735'],['Coworking Space'],0
564c4052498ebc537aedd827,Дом Зеленых,"['Ул. Кирилловская 146', 'Київ, 04073', 'Україна']",50.49063384497089,30.466226150594487,22,0,2,22,0,0,['4d954b06a243a5684965b473'],['Residential Building (Apartment / Condo)'],0
5750a2b5498e4f2141525c69,"ЖБК ""Медик""",['Україна'],50.490494,30.465902,3,0,1,3,0,0,['4d954b06a243a5684965b473'],['Residential Building (Apartment / Condo)'],0
52b58d88498ea5d35f047af7,Бренд Оптик,"['Курская, 13', 'Київ', 'Україна']",50.489506043703656,30.467183056712592,3,0,3,3,0,0,['4d954afda243a5684865b473'],['Optical Shop'],0
530b8f43498e587483227d52,Зупинка «Проспект Степана Бандери»,"['вул. Кирилівська (просп. Степана Бандери)', 'Київ', 'Україна']",50.490034602521966,30.4658617318785,48,0,25,50,1,0,['52f2ab2ebcbc57f1066b8b4f'],['Bus Stop'],0
4f8677cbe4b00addd6d4a123,Макаронна фабрика,['Україна'],50.48968217832251,30.46778779137127,126,1,80,175,0,0,['4eb1bea83b7b6f98df247e06'],['Factory'],0
526f790011d2d4755239f094,Зупинка «Рилєєва»,['Україна'],50.48869031444688,30.467414073273584,54,0,22,55,0,0,['52f2ab2ebcbc57f1066b8b4f'],['Bus Stop'],0
5585192f498ec3334581b3ad,Овощные Лотки пятачок,"['Ул. Копыловская (Ул. Фрунзе Ул. Копыловской)', 'Київ', 'Україна']",50.49000157319213,30.46625715593143,7,0,3,7,1,0,['50be8ee891d4fa8dcc7199a7'],['Market'],0
5560a952498e1b6982958542,Home❤️,"['Фрунзе 115/3', 'Київ', 'Україна']",50.488526805884554,30.46780323056944,27,0,1,28,0,0,['4d954b06a243a5684965b473'],['Residential Building (Apartment / Condo)'],0
4e80a09193ad861a443acbaf,Вента,"['вул. Кирилівська, 119/1', 'Київ', 'Україна']",50.48962360220295,30.46584582191402,51,0,24,51,0,0,['4bf58dd8d48988d178941735'],"[""Dentist's Office""]",0
5582c6bf498e6e89b04fbe58,Дом Зеленый Дом,"['Ул. Кириловская дом 146', 'Київ, 04073', 'Україна']",50.490096581926785,30.466159404517132,27,0,1,27,0,0,['4d954b06a243a5684965b473'],['Residential Building (Apartment / Condo)'],0
571b6743498e7a0a19b22173,prego,['Україна'],50.490368,30.466119,5,0,5,5,0,0,['4bf58dd8d48988d1fd941735'],['Shopping Mall'],0
559a7b0b498e549ba9df6f59,Новая Почта #66,"['Ул. Сирецкая 9', 'Київ', 'Україна']",50.490094486910216,30.46608956213442,13,0,6,13,0,0,['4bf58dd8d48988d172941735'],['Post Office'],0
537091ef498e0ac0da37d6e5,FIRST UKRAINIAN GAS AND OIL COMPANY,"['Ул. Рылеева 10 А', 'Україна']",50.48844562797553,30.466118774198858,65,0,25,108,1,0,['4bf58dd8d48988d124941735'],['Office'],0
5038b959e4b0f46ba13cbe6c,Ботик,"['Фрунзе', 'Київ', 'Україна']",50.48980728725063,30.466067347890643,83,1,79,98,4,0,['4bf58dd8d48988d107951735'],['Shoe Store'],0
540b360f498e51f0a509b1a9,Киноклуб на Копыловской,"['Копыловская 10а', 'Україна']",50.48931585668238,30.46695512191198,4,0,4,4,0,0,['4bf58dd8d48988d17f941735'],['Movie Theater'],0
4ff03904e4b0d01fb2b3fe1e,"Салон красоты ""Комфорт""",['Україна'],50.48846274923689,30.467577487236106,50,1,16,57,2,0,['4bf58dd8d48988d110951735'],['Salon / Barbershop'],0
53493f15498ef9e62a40d266,ярмарка на Куреневке,"['Київ', 'Україна']",50.48959490857941,30.467408437454782,92,1,55,107,1,0,['50be8ee891d4fa8dcc7199a7'],['Market'],0
54c09b37498ec7a742f2d66d,Родинна Ковбаска,"['вул. Кирилівська, 125', 'Київ', 'Україна']",50.49032172400575,30.465957900472446,14,0,6,14,0,0,['4bf58dd8d48988d11d951735'],['Butcher'],0
4f087917e4b0e8907a96c8b1,Магазин шашлыка,['Україна'],50.48876663940618,30.467873491067692,194,3,88,206,6,6.6,"['4bf58dd8d48988d1df931735', '4bf58dd8d48988d115941735']","['BBQ Joint', 'Middle Eastern Restaurant']",10
50a0a1c2e4b0a026400e4b87,Кирилівська 146,"['вул. Кирилівська, 146', 'Київ', 'Україна']",50.49017498865619,30.46593740589308,462,1,227,706,2,0,['4d954b06a243a5684965b473'],['Residential Building (Apartment / Condo)'],0
51e5758b498e3113f88eac72,home^^,"['улица Фрунзе,146', 'Київ', 'Україна']",50.49040412029885,30.465546764840944,547,0,4,554,0,0,"['4d954b06a243a5684965b473', '4bf58dd8d48988d103941735']","['Residential Building (Apartment / Condo)', 'Home (private)']",0
50728664e4b04113b37263ed,BMW Service,"['Сырецкая 2а', 'Київ', 'Україна']",50.49080472991022,30.464363435402873,23,0,20,24,0,0,['4eb1c1623b7b52c0e1adc2ec'],['Auto Dealership'],0
53c51fe1498e1db2714c5e07,"ООО ""Кана групп""",['Україна'],50.49086098111357,30.46393423128134,11,0,2,11,1,0,['4bf58dd8d48988d124941735'],['Office'],0
4fb8b00fe4b0bb5119224a21,ул. Декабристов,"['г. Васильков', 'Україна']",50.489740715521705,30.46504038621673,8,0,7,9,0,0,['4bf58dd8d48988d1f9931735'],['Road'],0
50921eb0e4b082d465779665,Мiжрайона Дитяча Стоматологiчна Полiклiнiка,"['вул. Копилівська, 12б', 'Київ', 'Україна']",50.48994924118685,30.46475875337777,74,2,23,79,0,0,['4bf58dd8d48988d178941735'],"[""Dentist's Office""]",0
522afa9611d2a6412b63c64e,сто элитавто,['Україна'],50.49074694207221,30.464909241154526,1,0,1,1,0,0,['4eb1c1623b7b52c0e1adc2ec'],['Auto Dealership'],0
50bf4253e4b0e4f9bfba9120,Meridian International Kindergarten,['Україна'],50.489478021446146,30.464188735900517,24,0,9,25,0,0,['4f4533814b9074f6e4fb0107'],['Nursery School'],0
50deefb1e4b09e22f053e5c2,бердянск,['Україна'],50.48994307619996,30.46472501616086,3,0,2,3,0,0,"['4bf58dd8d48988d110951735', '4bf58dd8d48988d178941735']","['Salon / Barbershop', ""Dentist's Office""]",0
56f277df498ebcbbbe2c97e4,История,['Україна'],50.490465,30.464261,1,0,1,1,0,0,['4bf58dd8d48988d1a0941735'],['College Classroom'],0
571397e3498e79efe90b78c9,Кабинет Директора #2,['Україна'],50.490436797095505,30.464441385349584,8,0,1,14,0,0,['4bf58dd8d48988d13b941735'],['School'],0
54e842f6498e12af656ac775,Будинок Ремесел,"['Вышгородская', 'Київ', 'Україна']",50.490096566095865,30.46526682115182,17,0,4,18,0,0,['4bf58dd8d48988d198941735'],['College Academic Building'],0
4e9c2d376da1cbe0b90228ec,Sonet,"['Syretska, 28/2 (Frunze)', 'Україна']",50.490431160315396,30.46485132348924,8,0,6,8,0,0,['4bf58dd8d48988d124941735'],['Office'],0
5304b86111d2a93c8ea95e93,homemarket,['Україна'],50.490701598741964,30.46518194023577,9,0,2,9,0,0,['4bf58dd8d48988d118951735'],['Grocery Store'],0
56c9a548498e6327890960a0,Кабинет директора #2 😎,['Україна'],50.490323,30.464112,5,0,1,5,0,0,['4bf58dd8d48988d198941735'],['College Academic Building'],0
561f5def498e17de8cabea39,Дитячий садок №163,"['вул. Копилівська, 55', 'Київ', 'Україна']",50.490049077552136,30.465492962337382,28,0,3,29,0,0,['4f4533814b9074f6e4fb0107'],['Nursery School'],0
55903d71498e8d039e6c13a7,Трамвайна зупинка «Московський проспект»,['Україна'],50.49072215829734,30.464937253139247,2,0,2,2,0,0,['52f2ab2ebcbc57f1066b8b51'],['Tram Station'],0
52ce394e498ee58ab66a13a0,Finance Control Oficce,['Україна'],50.490718487413375,30.46326578661812,29,0,6,30,0,0,['4bf58dd8d48988d124941735'],['Office'],0
580792c638faf83a8a5ec5ce,"Дитячий клуб ""Товариш""","['ул. Копыловская, 10', 'Київ', 'Україна']",50.488934,30.465174,1,0,1,1,0,0,['52e81612bcbc57f1066b7a35'],['Club House'],0
5468da5a498e6c2b03ab7cc6,Где-то в ночной столице 🌃,['Україна'],50.490769662579,30.464888375299093,29,0,27,35,3,0,['4bf58dd8d48988d162941735'],['Other Great Outdoors'],0
5425d328498e5ba412558de3,Зупинка «Кирилівська»,"['Подільський Узвіз', 'Київ', 'Україна']",50.490071758485705,30.46543566370692,15,0,11,15,0,0,['52f2ab2ebcbc57f1066b8b4f'],['Bus Stop'],0
5272707711d25286f4e0d035,Библиотека им. И. Франка,['Україна'],50.490641625299084,30.464830457452077,20,0,13,20,1,0,['4bf58dd8d48988d12f941735'],['Library'],0
52a2df3b11d25e1effc4480b,Такси Удача,"['Киев', 'Україна']",50.490743,30.465483,16,1,7,16,1,0,['4bf58dd8d48988d130951735'],['Taxi'],0
532a010a498ed5a6e89ada30,Home Market,"['вул. Кирилівська, 121', 'Київ', 'Україна']",50.49010281148489,30.466111000191933,32,0,17,39,1,0,['4bf58dd8d48988d118951735'],['Grocery Store'],0
57c3fbba498e85320c5f8e0d,Кабинет Директора #2,['Україна'],50.491623,30.464237,4,0,1,4,0,0,['4f4533814b9074f6e4fb0106'],['Middle School'],0
512f8790e4b0aa1a7ad5acc9,Дитячий садок №163,"['вул. Копилівська, 55', 'Київ, 04073', 'Україна']",50.489256796374235,30.464638196610593,125,0,49,281,1,0,['4f4533814b9074f6e4fb0107'],['Nursery School'],0
51ea894c498e8325f6e03d5b,Ощадбанк,"['Улица Копыловская, 65', 'Київ', 'Україна']",50.49014504264342,30.46327435917992,40,1,59,104,1,0,['4bf58dd8d48988d10a951735'],['Bank'],0
520babbd11d290189ff39b73,"вул. Копилівська, 12а","['вул. Копилівська, 12а', 'Київ', 'Україна']",50.48968694887634,30.46500341134867,267,0,119,452,0,0,['4d954b06a243a5684965b473'],['Residential Building (Apartment / Condo)'],0
51079075e4b0e206eb69e1a4,Стоматология,['Україна'],50.48993067218836,30.464710151579375,28,0,37,49,1,0,['4bf58dd8d48988d178941735'],"[""Dentist's Office""]",0
4fa8fb16e4b0d8648968ce19,Blasercafe,"['вул. Кирилівська, 117', 'Київ', 'Україна']",50.48976413761797,30.466679094315303,55,1,27,57,2,0,['4bf58dd8d48988d1e0931735'],['Coffee Shop'],0
519f1863498e8a1407eb435c,Школа №2,"['вул. Копилівська, 36', 'Київ', 'Україна']",50.49039906305919,30.46342205734252,87,0,82,223,3,0,['4bf58dd8d48988d13b941735'],['School'],0
4d7e1cfe9df3f04d5b4bbe94,Укрпошта 04073,"['вул. Фрунзе, 152', 'Київ, 04073', 'Україна']",50.49087099167612,30.465026741512496,409,3,320,765,4,0,['4bf58dd8d48988d172941735'],['Post Office'],0
4f8419d1e4b0f4019e33e8bc,SPA клуб,"['Київ', 'Україна']",50.490356322819835,30.465122653942984,169,7,199,212,9,6.1,['4bf58dd8d48988d1ed941735'],['Spa'],19
5214064011d240123e7442f1,"ул. Кирилловская, 121/2","['ул. Кирилловская, 121/2', 'Київ', 'Україна']",50.49072012765152,30.464920670308498,431,0,180,639,1,0,['4d954b06a243a5684965b473'],['Residential Building (Apartment / Condo)'],0
519e144b498edf847d3be0d4,"SOS Children's Villages, Проект укрепления семей","['Копыловская, 31', 'Київ', 'Україна']",50.488094329833984,30.466825485229492,91,0,13,105,1,0,['50328a8e91d4c4b30a586d6c'],['Non-Profit'],0
51b88671498ee23fcd59278e,Infox LLC,['Україна'],50.48795779061675,30.465766743156138,3,0,3,3,2,0,['4bf58dd8d48988d124941735'],['Office'],0
55f1647c498e6a5c1b8d19d5,Столик алкашей 🍻,['Україна'],50.487026796544406,30.467712880243177,8,0,2,8,0,0,['4bf58dd8d48988d117941735'],['Beer Garden'],0
5205dc7711d2e95e71541837,"ЧП""Стрит-Лайн""","['вул. Захарівська, 14', 'Київ, 04073', 'Україна']",50.486322,30.467049,53,11,1,53,2,0,['4bf58dd8d48988d124941735'],['Office'],0
5200926d498ed2cde17d7d2b,Дитячий садок №88,"['вул. Копилівська, 8', 'Київ, 04073', 'Україна']",50.48825002939792,30.467268085002093,77,0,30,128,0,0,['4f4533814b9074f6e4fb0107'],['Nursery School'],0
54e49c98498e7c46e20664d4,Tuzburgazı,['Україна'],50.4864397260658,30.467009294234938,5,0,5,5,0,0,['4f2a210c4b9023bd5841ed28'],['Housing Development'],0
54df1e0a498e345d75cbf788,Центральна районна бібліотека імені Івана Франка,"['вул. Кирилівська, 117', 'Київ, 04073', 'Україна']",50.48817143061183,30.46762270749096,48,0,34,52,0,0,['4bf58dd8d48988d12f941735'],['Library'],0
4fa671b7e4b047f0ecf81508,Mix style,"['ул. Рылеева 7/11', 'Киев', 'Україна']",50.48766859466647,30.46572653225566,198,8,70,291,10,7.0,['4bf58dd8d48988d110951735'],['Salon / Barbershop'],13
50ab49c3067de46ee5ccbcb9,Центр знаний Si BiS,"['переулок Рылеева, 10 (ул. Копыловская)', 'Київ, 04073', 'Україна']",50.48809484049477,30.466010570526123,16,0,11,16,0,0,['4bf58dd8d48988d198941735'],['College Academic Building'],0
565b109f498ebb766777bdb7,Трюки Науки,"['Рылеева 7', 'Київ', 'Україна']",50.48617674900794,30.46560731539117,11,0,4,12,0,0,['4bf58dd8d48988d1e1931735'],['Arcade'],0
5665d596498e0741b590a5ab,Bernasiki's house,['Україна'],50.488127,30.467524,5,0,1,5,0,0,['4d954b06a243a5684965b473'],['Residential Building (Apartment / Condo)'],0
4fe0b4c5e4b02857f0dff6b8,"вул. Захарівська, 14","['вул. Захарівська, 14', 'Київ', 'Україна']",50.48617541794887,30.4671396847656,91,1,23,104,1,0,['4d954b06a243a5684965b473'],['Residential Building (Apartment / Condo)'],0
5121106ee4b002b6f06db3b6,Lenkindom,"['Zakharivska', 'Київ', 'Україна']",50.486139636358516,30.46599811591717,39,0,1,40,1,0,['4d954b06a243a5684965b473'],['Residential Building (Apartment / Condo)'],0
50eec086e4b00a55cf535562,ESKO-PIVNICH,['Україна'],50.48806930900227,30.46604629935283,63,0,23,86,0,0,['4bf58dd8d48988d174941735'],['Coworking Space'],0
5107adade4b0ea9d350a5f91,Фотостудия Шлёма,['Україна'],50.48818363443304,30.4671371686724,8,0,7,9,0,0,['554a5e17498efabeda6cc559'],['Photography Studio'],0
51624921e4b09c80cda3b00d,Копыловская 31,['Україна'],50.488106949103724,30.46658512903262,191,1,37,214,1,0,['4d954b06a243a5684965b473'],['Residential Building (Apartment / Condo)'],0
50a35826e4b013429d5c6070,Гімназія №123,"['вул. Копилівська, 23', 'Київ, 04073', 'Україна']",50.487495953216126,30.467840253588037,1011,7,303,1540,10,0,"['4bf58dd8d48988d13b941735', '4f4533814b9074f6e4fb0106']","['School', 'Middle School']",0
589216a945005e403fe4c68b,В тесноте,"['ул. Рылеева 7/11', 'Київ', 'Україна']",50.487514,30.46599,21,0,5,31,0,0,['4bf58dd8d48988d174941735'],['Coworking Space'],0
4bbeedffb083a5938aaaa2e9,SIBIS LLC,"['вул. Рилєєва, 10а (вул. Копилівська)', 'Київ', 'Україна']",50.488615078735705,30.46616336820297,737,2,233,1120,3,0,"['4bf58dd8d48988d174941735', '4bf58dd8d48988d125941735']","['Coworking Space', 'Tech Startup']",0
517ebd6de4b0a33362a201b4,Рылеева 7/11,['Україна'],50.48733207224444,30.465601181763617,167,0,128,386,0,0,['4d954b06a243a5684965b473'],['Residential Building (Apartment / Condo)'],0
530fb211498ee08bef899423,Копилiвська 65,['Україна'],50.49035740469909,30.462809678101696,25,0,16,31,1,0,['4d954b06a243a5684965b473'],['Residential Building (Apartment / Condo)'],0
5547328d498edb40430804f0,СПА САЛОН АЛЕСАНДРО,['Україна'],50.490231,30.462987,7,0,7,7,0,0,['4bf58dd8d48988d1ed941735'],['Spa'],0
541adcaf498ef6de67b6d6ea,Копыловская,['Україна'],50.49070816352516,30.4613424285685,67,0,43,162,0,0,['4d954b06a243a5684965b473'],['Residential Building (Apartment / Condo)'],0
4ffd9595e4b088c631c68ccd,Озеро карьер,['Україна'],50.488846632809626,30.458476937607582,112,3,94,178,2,0,['4bf58dd8d48988d161941735'],['Lake'],0
5144ad06e4b0751895c5751d,Стадион Для Выгула Собак,"['Бакинская', 'Київ', 'Україна']",50.48682464841557,30.458878917233534,470,0,65,522,3,0,['4bf58dd8d48988d1e5941735'],['Dog Run'],0
55846288498edb3d7b57f26e,Шполяночка,['Україна'],50.486771,30.461306,112,1,3,118,1,0,['4d954b06a243a5684965b473'],['Residential Building (Apartment / Condo)'],0
5472be2c498e7c8d866c5d88,Our home # 1,"['Петропавловская, 15', 'Київ', 'Україна']",50.483079656623325,30.465408326257297,46,0,17,73,0,0,['4d954b06a243a5684965b473'],['Residential Building (Apartment / Condo)'],0
53b2f12f498e1d3792037676,Второй дом Шуры,"['Закревского 34', 'Київ', 'Україна']",50.482920116816814,30.464474526627676,3,0,1,3,0,0,"['4d954b06a243a5684965b473', '4bf58dd8d48988d103941735']","['Residential Building (Apartment / Condo)', 'Home (private)']",0
5149b235e4b0257f21641229,DERI магазин кожи,['Україна'],50.48308967696524,30.46481234717428,10,0,7,13,0,0,['5032781d91d4c4b30a586d5b'],['Tailor Shop'],0
5606a306498ee7b9844b93ab,Sky Family Park,['Україна'],50.482994204988906,30.46381320350883,9,0,7,9,0,0,['52e81612bcbc57f1066b7a26'],['Recreation Center'],0
4fab958be4b034d5346353ce,Ovostar Union,"['Петропавлiвська, 34', '04086', 'Україна']",50.48319980328095,30.464683595527617,43,0,19,44,0,0,['4bf58dd8d48988d127941735'],['Conference Room'],0
5130634be4b01d3a5d7e7d29,Киевское городское отделение центра судово-психиатрической экспертизы (Київський міський центр судово-психіатричної експертизи),"['вул. Кирилівська, 103а', 'Київ', 'Україна']",50.48273972986421,30.465024026722073,51,0,60,64,0,0,['4bf58dd8d48988d196941735'],['Hospital'],0
4fb8ae31e4b0bb511921ce12,Бювет,['Україна'],50.48462716677524,30.46571121660243,203,2,50,206,2,0,['4fbc1be21983fc883593e321'],['Well'],0
51b8a96a011ceb3a8906b046,АртБагет Украина,"['вул. Петропавлівська, 12', 'Київ, 04073', 'Україна']",50.485377975001306,30.467061996459957,3,0,3,3,1,0,['4bf58dd8d48988d112951735'],['Hardware Store'],0
5440294d498e470c70b3a10a,петропавлівська 6,['Україна'],50.48577447258422,30.467987884096512,10,0,12,17,0,0,['5032891291d4c4b30a586d68'],['Assisted Living'],0
53e4a63c498ea1e91a457df2,"вул. Петропавлівська, 12","['вул. Петропавлівська, 12', 'Київ', 'Україна']",50.48527450195989,30.467142763731555,35,1,13,47,1,0,['4d954b06a243a5684965b473'],['Residential Building (Apartment / Condo)'],0
572c5c04498e5172eeba6ba2,Davutlar Sahil Siteleri,['Україна'],50.48359,30.467161,3,0,3,3,0,0,['4d954b06a243a5684965b473'],['Residential Building (Apartment / Condo)'],0
566a992a498ea7697cf983d7,Физкабинет,['Україна'],50.485296,30.466643,2,0,2,2,0,0,['4bf58dd8d48988d196941735'],['Hospital'],0
56b51b1f498e9b6fd7bc7f11,"БК ""Феникс""","['Улица Нагорная, 25/27', 'Київ', 'Україна']",50.48511951185803,30.467110220771218,1,0,1,1,0,0,['52e81612bcbc57f1066b7a2e'],['Sports Club'],0
55d17454498e0440befcbac3,Söke Ovası,['Україна'],50.48502731323242,30.4656925201416,6,0,5,6,0,0,['4bf58dd8d48988d15f941735'],['Field'],0
51e1f71b498e270b286444ef,"вул. Захарівська, 7","['вул. Захарівська, 7', 'Київ', 'Україна']",50.48598659275249,30.46585173427664,311,1,94,399,2,0,['4d954b06a243a5684965b473'],['Residential Building (Apartment / Condo)'],0
4ef032867beb5932d5a475df,"вул. Петропавлівська, 11","['вул. Петропавлівська, 11', 'Київ', 'Україна']",50.48465094806908,30.466807186603546,421,0,123,498,0,0,['4d954b06a243a5684965b473'],['Residential Building (Apartment / Condo)'],0
5388fb01498e33f16c380571,"ул. Захаровская, 3а",['Україна'],50.484485452480605,30.46728482983623,811,0,179,1102,0,0,['4d954b06a243a5684965b473'],['Residential Building (Apartment / Condo)'],0
53a0443d498e6ead0cf019fe,ТОВ Верес,"['Вул Петропавлівска 15', 'Київ', 'Україна']",50.4834185075015,30.4657266754657,5,0,3,5,0,0,['4bf58dd8d48988d124941735'],['Office'],0
5635f050498ea3a0bb5b93e3,Маршрутное Такси #463,['Україна'],50.4842239132554,30.468547322609513,104,0,23,104,0,0,['52f2ab2ebcbc57f1066b8b4f'],['Bus Stop'],0
4ef86130a69dea74fb751798,Управління ДМС у Київській області,"['вул. Петропавлівська, 11', 'м. Київ', 'Україна']",50.48462155581654,30.467103859399966,619,4,809,1469,15,0,['4bf58dd8d48988d126941735'],['Government Building'],0
4fbe6fa1e4b0020ade82fcd6,Реал Маркет,"['ул. Петропавловская, 12 (ул. Захаровская)', 'Київ', 'Україна']",50.48536755630006,30.467233043317385,792,12,858,2403,13,5.6,"['52f2ab2ebcbc57f1066b8b46', '4bf58dd8d48988d118951735']","['Supermarket', 'Grocery Store']",30
55b29dc2498ea78aeab16526,"Женский Клуб ""ДВА ГИПСА""","['Петропавловская, 14', 'Київ', 'Україна']",50.48437448974489,30.464178519101697,33,0,4,35,1,0,['4deefb944765f83613cdba6e'],['Historic Site'],0
547f60ee498eada169d99086,💒 Apartment of 🍻CHEERFUL PEOPLE🍻,"['Київ', 'Україна']",50.48429187052319,30.464539104391672,87,1,11,102,1,0,['4d954b06a243a5684965b473'],['Residential Building (Apartment / Condo)'],0
509a8a3ae4b0282509e9ba45,"ГК ""Нива""","['Петровловская 28', 'Київ', 'Україна']",50.48487450112033,30.4650914875618,20,0,6,22,0,0,['4c38df4de52ce0d596b336e1'],['Parking'],0
53121b1d498ebef8b640f1f9,ЛесяІннаApartment,"['Петропавлівська, 26', 'Київ', 'Україна']",50.484715,30.465412,2,0,1,2,0,0,['4d954b06a243a5684965b473'],['Residential Building (Apartment / Condo)'],0
4f326230e4b0d77c2901fc6b,Булочная,"['Ул. Фрунзе 109', 'Київ', 'Україна']",50.485700032326925,30.464489737238782,19,0,10,19,0,0,['4bf58dd8d48988d16a941735'],['Bakery'],0
5423cb35498e8e9b84cb4a55,ПрАТ КФ «Лагода»,"['Київ', 'Україна']",50.48418914757733,30.46442916629261,74,0,78,231,0,0,['4bf58dd8d48988d124941735'],['Office'],0
5299f06e11d2a2b0567e7453,"Площадка ЖК ""Науковий""","['вул. Петропавлівська, 40', 'Київ', 'Україна']",50.48390151004305,30.464424760976637,9,0,7,11,0,0,['4bf58dd8d48988d1e7941735'],['Playground'],0
512a2756e4b05be0b44d5219,Мастерская Игоря Полищука,['Україна'],50.48439502672682,30.463895383630124,12,0,9,20,0,0,['4bf58dd8d48988d1e2931735'],['Art Gallery'],0
5350eac3498e18e78c4e31e4,Ясенсвит ™,['Україна'],50.483835,30.464857,1,0,1,1,0,0,"['4bf58dd8d48988d130941735', '4bf58dd8d48988d103941735']","['Building', 'Home (private)']",0
56ab9b60498e2043f2ae1697,Pavlovka Art Gallery,"['Петропавловская 34А', 'Київ', 'Україна']",50.48429597130538,30.46429722068399,10,0,21,23,0,0,['4bf58dd8d48988d1e2931735'],['Art Gallery'],0
547f65a2498e9a9ddd8652fa,УКРСЕРВИСПРИНТ,['Україна'],50.48434154065645,30.464427548018456,14,1,7,17,0,0,['4bf58dd8d48988d124941735'],['Office'],0
52d1e059498ecfaef2bcfe83,Скорая помощь,['Україна'],50.48465264068741,30.465460073305426,8,0,7,8,0,0,['4bf58dd8d48988d177941735'],"[""Doctor's Office""]",0
4ee334149a52c1dad90c9b0f,Институт Дизайна,['Україна'],50.484440580148835,30.464040296647934,139,0,91,238,1,0,['4bf58dd8d48988d1ae941735'],['University'],0
52382b4611d2cad335b90ef1,"Crosscountry, студия звукозаписи","['Улица Петропавловская, 34а', 'Київ', 'Україна']",50.484426063745595,30.463999893991513,49,2,20,80,3,0,['52f2ab2ebcbc57f1066b8b37'],['Recording Studio'],0
5692b6a1498e94af9d751ef9,Бювет,"['Петропавлівська', 'Київ', 'Україна']",50.48418,30.465382,2,0,2,2,0,0,['4fbc1be21983fc883593e321'],['Well'],0
54649855498e4737fd3fd142,Singulart-Куренёвка,"['Петропавловская 34А', 'Київ', 'Україна']",50.48466460126008,30.46362340450287,3,0,3,3,1,0,['4bf58dd8d48988d1e2931735'],['Art Gallery'],0
51fd5e1c498ea9c378a626f5,"вул. Петропавлівська, 26","['вул. Петропавлівська, 26', 'Київ', 'Україна']",50.484486,30.465301,87,0,125,341,0,0,['4d954b06a243a5684965b473'],['Residential Building (Apartment / Condo)'],0
51913927498e757a6dcf4c61,"вул. Петропавлівська, 14","['вул. Петропавлівська, 14', 'Київ', 'Україна']",50.48435213676337,30.464885971782966,168,0,90,283,1,0,['4d954b06a243a5684965b473'],['Residential Building (Apartment / Condo)'],0
50632fe6e4b0b8d63db677d4,Школа №82,"['вул. Шпака, 4', 'Київ', 'Україна']",50.482720189286546,30.46559091912239,8,0,7,8,0,0,['4bf58dd8d48988d13b941735'],['School'],0
54a85f49498ec12f9dda896b,Петропавловская 15,['Україна'],50.483127,30.46573,11,0,39,44,0,0,['4d954b06a243a5684965b473'],['Residential Building (Apartment / Condo)'],0
4fae90a4e4b028e6bc957061,Взуттєва країна,"['Маяковського, 26', 'Київ', 'Україна']",50.483287354180305,30.466291139318336,10,1,10,11,1,0,['4bf58dd8d48988d107951735'],['Shoe Store'],0
